SEM segmentation stats

mode: kmeans
H: 960
W: 1280
n_pixels: 1228800
k: 4
boundary_label: 3
boundary_detected: True
roi_excluded_labels: [3]
interior_pixels: 1121009
interior_area_frac: 0.9122794596354167
excluded_area_pixels: 107791
excluded_area_frac: 0.08772054036458334
boundary_area_frac: 0.08772054036458334
interior_label_count: 3
phase_frac_primary: total
phase_frac_sum_total: 0.9122794596354167
phase_frac_sum_no_boundary: 1.0
closure_boundary_plus_phase_total: 1.0
closure_excluded_plus_phase_total: 1.0
boundary_length_px: 22242
boundary_length_density_per_px: 0.0181005859375
shell_label: 2
shell_area_frac: 0.16045084635416668
shell_thickness_px_mean: 7.594041554650745
shell_thickness_px_median: 3.605551275463989
shell_thickness_px_p90: 20.248456731316587
infile: #1 Snapshot (Map + Point).tif
method: sobel
win: 25
crop_bottom_frac: 0.0625
min_dim: 0
min_size: 0
seed: 0
user_exclude_labels: []
kmeans_features: edge+intensity
kmeans_w_edge: 1.0
kmeans_w_int: 1.0
kmeans_min_size: 4
kmeans_inertia: 618748.8125
k_eval_n: 20000
kmeans_silhouette: 0.5062459111213684
kmeans_calinski_harabasz: 20040.545989916223
kmeans_reassigned_px: 8392

class_stats:
  label 0: frac=0.489692, edge=0.086548±0.059209, int=0.609345±0.036139
  label 1: frac=0.262136, edge=0.154933±0.083190, int=0.383001±0.082612
  label 2: frac=0.160451, edge=0.358859±0.117157, int=0.586346±0.054892
  label 3: frac=0.087721, edge=0.497124±0.139027, int=0.320070±0.094635

phase_stats (no-boundary denominator):
  label 0: count_total=601734, count_no_boundary=601734, frac_total=0.489692, frac_no_boundary=0.536779, edge=0.086548±0.059209, int=0.609345±0.036139
  label 1: count_total=322113, count_no_boundary=322113, frac_total=0.262136, frac_no_boundary=0.287342, edge=0.154933±0.083190, int=0.383001±0.082612
  label 2: count_total=197162, count_no_boundary=197162, frac_total=0.160451, frac_no_boundary=0.175879, edge=0.358859±0.117157, int=0.586346±0.054892

phase_summary (grouped by metric):
  phase 0: count_total=601734, count_no_boundary=601734, frac_total=0.489692, frac_no_boundary=0.536779, excluded=0, boundary=0
  phase 1: count_total=322113, count_no_boundary=322113, frac_total=0.262136, frac_no_boundary=0.287342, excluded=0, boundary=0
  phase 2: count_total=197162, count_no_boundary=197162, frac_total=0.160451, frac_no_boundary=0.175879, excluded=0, boundary=0
  phase 3: count_total=107791, count_no_boundary=0, frac_total=0.087721, frac_no_boundary=0.000000, excluded=1, boundary=1
