SEM segmentation stats

mode: kmeans
H: 960
W: 1280
n_pixels: 1228800
k: 5
boundary_label: 4
boundary_detected: True
roi_excluded_labels: [4]
interior_pixels: 1135617
interior_area_frac: 0.92416748046875
excluded_area_pixels: 93183
excluded_area_frac: 0.07583251953125
boundary_area_frac: 0.07583251953125
interior_label_count: 4
phase_frac_primary: total
phase_frac_sum_total: 0.92416748046875
phase_frac_sum_no_boundary: 1.0
closure_boundary_plus_phase_total: 1.0
closure_excluded_plus_phase_total: 1.0
boundary_length_px: 20354
boundary_length_density_per_px: 0.016564127604166666
shell_label: 3
shell_area_frac: 0.15308756510416666
shell_thickness_px_mean: 8.452822903086398
shell_thickness_px_median: 4.0
shell_thickness_px_p90: 22.67156809750927
infile: #1 Snapshot (Map + Point).tif
method: sobel
win: 25
crop_bottom_frac: 0.0625
min_dim: 0
min_size: 0
seed: 0
user_exclude_labels: []
kmeans_features: edge+intensity
kmeans_w_edge: 1.0
kmeans_w_int: 1.0
kmeans_min_size: 4
kmeans_inertia: 500065.75
k_eval_n: 20000
kmeans_silhouette: 0.49576014280319214
kmeans_calinski_harabasz: 19655.758045642673
kmeans_reassigned_px: 13036

class_stats:
  label 0: frac=0.466617, edge=0.083841±0.057753, int=0.613238±0.031216
  label 1: frac=0.222675, edge=0.158393±0.085548, int=0.435205±0.042669
  label 2: frac=0.081788, edge=0.184013±0.100918, int=0.258640±0.055987
  label 3: frac=0.153088, edge=0.353370±0.110631, int=0.592833±0.050707
  label 4: frac=0.075833, edge=0.535977±0.130998, int=0.342609±0.101836

phase_stats (no-boundary denominator):
  label 0: count_total=573379, count_no_boundary=573379, frac_total=0.466617, frac_no_boundary=0.504905, edge=0.083841±0.057753, int=0.613238±0.031216
  label 1: count_total=273623, count_no_boundary=273623, frac_total=0.222675, frac_no_boundary=0.240947, edge=0.158393±0.085548, int=0.435205±0.042669
  label 2: count_total=100501, count_no_boundary=100501, frac_total=0.081788, frac_no_boundary=0.088499, edge=0.184013±0.100918, int=0.258640±0.055987
  label 3: count_total=188114, count_no_boundary=188114, frac_total=0.153088, frac_no_boundary=0.165649, edge=0.353370±0.110631, int=0.592833±0.050707

phase_summary (grouped by metric):
  phase 0: count_total=573379, count_no_boundary=573379, frac_total=0.466617, frac_no_boundary=0.504905, excluded=0, boundary=0
  phase 1: count_total=273623, count_no_boundary=273623, frac_total=0.222675, frac_no_boundary=0.240947, excluded=0, boundary=0
  phase 2: count_total=100501, count_no_boundary=100501, frac_total=0.081788, frac_no_boundary=0.088499, excluded=0, boundary=0
  phase 3: count_total=188114, count_no_boundary=188114, frac_total=0.153088, frac_no_boundary=0.165649, excluded=0, boundary=0
  phase 4: count_total=93183, count_no_boundary=0, frac_total=0.075833, frac_no_boundary=0.000000, excluded=1, boundary=1
